00177041
28356250
45274649
26185610
25938002
61672190
27773035
28477090
63474808
45788235
60193531
43872247
49450301
00014915
70994226
63080737
26513528
18050646
64945880
26463318
49903209
60193336
27082440
26450691
49241214
64949681
29259428
00268577
45359326
25654012
25702556
61672599
48171131
63473291
00000931
46995129
26919389
27386732
27636801
46678735
15890554
60193913
27214265
02176475
00005886
04084063
14707420
03592880
01759299
25663135
48365289
46711953
05735025
45357366
25029673
14803534
47114983
48038687
29060770
14706725
14803534
25077830
49240030
60193492
27295567
28987322
60838744
00534111
26271303
41189671
14888742
26128209
26455137
25133152
28196678
45193410
28234642
45274924
26440181
64833054
28244532
43005012
26161516
45799504
46709410
28399757
26905850
47124652
27081052
47974516
26726548
19010290
63485826
27129136
62623753
63145936
49284975
02397811
26307391
47239581